2020-03-02 0 0 0
2020-03-03 0 0 0
2020-03-04 0 0 0
2020-03-05 0 0 0
2020-03-07 0 0 0
2020-03-08 0 0 0
2020-03-09 0 0 0
2020-03-10 0 0 0
2020-03-11 0 0 0
2020-03-12 0 0 0
2020-03-13 0 0 0
2020-03-14 0 0 0
2020-03-15 0 0 0
2020-03-16 0 0 0
2020-03-17 2 0 0
2020-03-18 5 0 0
2020-03-19 1 0 0
2020-03-20 5 0 0
2020-03-21 2 0 0
2020-03-22 9 0 0
2020-03-23 5 0 0
2020-03-24 1 0 0
2020-03-25 0 0 0
2020-03-26 1 0 0
2020-03-27 3 0 0
2020-03-28 2 0 0
2020-03-29 0 0 0
2020-03-30 0 0 0
2020-03-31 2 0 0
2020-04-01 4 0 0
2020-04-02 1 0 0
2020-04-03 3 0 0
2020-04-04 2 0 0
2020-04-05 5 0 0
2020-04-06 5 0 0
2020-04-07 2 0 0
2020-04-08 1 0 0
2020-04-09 6 1 0
2020-04-10 3 0 1
2020-04-11 2 0 0
2020-04-12 2 0 0
2020-04-13 4 1 0
2020-04-14 3 0 0
2020-04-15 1 0 1
2020-04-16 4 0 0
2020-04-17 5 2 0
2020-04-18 1 0 0
2020-04-19 0 0 0
2020-04-20 0 2 0
2020-04-21 5 0 1
2020-04-22 0 1 0
2020-04-23 0 0 0
2020-04-24 0 0 0
2020-04-25 0 3 0
2020-04-26 0 0 1
2020-04-27 0 0 0
2020-04-28 0 1 0
2020-04-29 0 2 0
2020-04-30 0 1 0
2020-05-01 0 3 1
2020-05-02 0 1 0
2020-05-03 0 2 0
2020-05-04 0 1 0
2020-05-05 0 2 0
2020-05-06 0 1 0
2020-05-07 0 6 0
2020-05-08 0 5 0
2020-05-09 0 3 0
2020-05-10 0 2 0