2020-03-02 0 0 0
2020-03-03 0 0 0
2020-03-04 0 0 0
2020-03-05 0 0 0
2020-03-06 0 0 0
2020-03-07 0 0 0
2020-03-08 0 0 0
2020-03-09 0 0 0
2020-03-10 0 0 0
2020-03-11 0 0 0
2020-03-12 0 0 0
2020-03-13 0 0 0
2020-03-14 0 0 0
2020-03-15 0 0 0
2020-03-16 0 0 0
2020-03-17 0 0 0
2020-03-18 0 0 0
2020-03-19 4 0 0
2020-03-20 6 0 0
2020-03-21 13 0 0
2020-03-22 20 0 0
2020-03-23 27 0 0
2020-03-24 35 0 0
2020-03-25 48 0 0
2020-03-26 54 0 0
2020-03-27 61 0 0
2020-03-28 68 0 0
2020-03-29 68 0 0
2020-03-30 75 0 0
2020-03-31 78 0 0
2020-04-01 92 0 0
2020-04-02 104 0 0
2020-04-03 120 0 0
2020-04-04 125 0 0
2020-04-05 125 0 0
2020-04-06 147 0 0
2020-04-07 149 0 0
2020-04-08 161 0 0
2020-04-09 161 0 0
2020-04-10 167 0 0
2020-04-11 169 0 0
2020-04-12 175 0 0
2020-04-13 175 0 0
2020-04-14 179 0 0
2020-04-15 179 0 0
2020-04-16 182 0 0
2020-04-17 201 0 0
2020-04-18 208 0 0
2020-04-19 210 0 0
2020-04-20 214 0 0
2020-04-21 214 0 0
2020-04-22 217 0 0
2020-04-23 219 0 0
2020-04-24 219 0 0
2020-04-25 221 0 0
2020-04-26 221 0 0
2020-04-27 221 0 0
2020-04-28 224 0 0
2020-04-29 224 0 0
2020-04-30 227 0 0
2020-05-01 227 0 0
2020-05-02 229 0 0
2020-05-03 229 0 0
2020-05-04 231 0 0
2020-05-05 231 0 0
2020-05-06 231 0 0
2020-05-07 232 0 0
2020-05-08 232 0 0
2020-05-09 232 0 0
2020-05-10 232 0 0


